cv: 0, perf: 0.4722222089767456, macro_fscore: 0.5248869061470032
cv: 1, perf: 0.4099617004394531, macro_fscore: 0.5045454502105713
cv: 2, perf: 0.45338982343673706, macro_fscore: 0.49775785207748413
